Saxon	LacDeMauv	Saviese	Tsanfleuron	Varen	Challer
0	0.03054	0.020864	0.029801	0.0264992	0.0269807
0.03054	0	0.0366598	0.03636	0.0413532	0.0393982
0.020864	0.0366598	0	0.0324342	0.0235177	0.0286884
0.029801	0.03636	0.0324342	0	0.0325133	0.0274431
0.0264992	0.0413532	0.0235177	0.0325133	0	0.0246198
0.0269807	0.0393982	0.0286884	0.0274431	0.0246198	0