0 1 2 3 4 5 6
1 0 6.388329494 1.223249301 2.571185469 2.341790414 2.486588932
2 6.388329494 0 7.018924332 8.369051255 8.140065118 8.284586691
3 1.223249301 7.018924332 0 1.855100117 1.666980525 1.796347015
4 2.571185469 8.369051255 1.855100117 0 3.082676474 3.213032725
5 2.341790414 8.140065118 1.666980525 3.082676474 0 0.7052004736
6 2.486588932 8.284586691 1.796347015 3.213032725 0.7052004736 0
