	pop1	pop2	pop3	pop4	pop5	pop6
pop1	0	0.064686	0.047227	0.078028	0.072096	0.031066
pop2	0.064686	0	0.084860	0.110614	0.102762	0.074924
pop3	0.047227	0.084860	0	0.075374	0.059112	0.042787
pop4	0.078028	0.110614	0.075374	0	0.060241	0.073880
pop5	0.072096	0.102762	0.059112	0.060241	0	0.067593
pop6	0.031066	0.074924	0.042787	0.073880	0.067593	0
