	pop1	pop2	pop3	pop4	pop5	pop6
pop1	0	0.033415	0.034341	0.031860	0.039954	0.037488
pop2	0.033415	0	0.035420	0.032658	0.048670	0.031798
pop3	0.034341	0.035420	0	0.023083	0.046390	0.026559
pop4	0.031860	0.032658	0.023083	0	0.037685	0.028100
pop5	0.039954	0.048670	0.046390	0.037685	0	0.050517
pop6	0.037488	0.031798	0.026559	0.028100	0.050517	0
